## code to prepare `por15` dataset goes here

por15 <- structure(list(profileOfRankings = structure(list(a = c(3, 2, 
                                                                 2, 1, 1, 2, 1, 2, 3, 4), b = c(1, 2, 1, 4, 5, 5, 2, 3, 5, 4), 
                                                           c = c(3, 4, 3, 4, 5, 4, 4, 2, 4, 2), d = c(1, 5, 1, 3, 2, 
                                                                                                      6, 3, 3, 2, 2), e = c(4, 1, 3, 5, 3, 2, 6, 2, 2, 3), f = c(1, 
                                                                                                                                                                 4, 2, 6, 3, 5, 1, 3, 2, 3), g = c(2, 5, 1, 6, 4, 3, 3, 1, 
                                                                                                                                                                                                   5, 5), h = c(2, 2, 2, 7, 1, 2, 6, 3, 2, 1), i = c(3, 3, 1, 
                                                                                                                                                                                                                                                     7, 5, 1, 5, 1, 2, 3), j = c(4, 2, 1, 2, 1, 3, 3, 3, 1, 4)), row.names = c(NA, 
                                                                                                                                                                                                                                                                                                                               -10L), class = "data.frame"), numberOfVoters = c(1, 1, 1, 1, 
                                                                                                                                                                                                                                                                                                                                                                                1, 1, 1, 1, 1, 1), candidates = c("a", "b", "c", "d", "e", "f", 
                                                                                                                                                                                                                                                                                                                                                                                                                  "g", "h", "i", "j")), class = c("por", "list"))
usethis::use_data(por15, overwrite = TRUE)
